955
548
660
615
900
608
803
657
1041
732
621
766
644
530
707
659
637
513
476
444
766
411
386
418
384
423
496
619
565
334
436
636
533
354
376
330
500
420
516
448
510
310
437
329
465
506
309
524
410
546
474
347
245
393
405
316
512
357
426
302
321
476
295
447
358
458
445
329
438
176
315
309
379
704
284
428
349
339
610
248
321
421
405
456
350
303
410
357
386
461
295
272
514
211
387
212
140
331
307
250
343
248
346
334
333
257
332
286
223
246
288
405
188
150
189
368
245
268
462
266
249
358
304
319
396
388
427
300
176
373
398
283
211
288
256
280
267
233
208
219
306
219
263
182
333
323
177
149
326
196
273
315
242
116
360
171
327
349
269
416
219
202
238
228
188
250
345
258
359
285
306
248
280
323
188
171
329
198
418
242
291
225
372
220
264
299
259
177
136
317
230
125
266
325
327
160
236
381
226
367
338
299
247
208
323
257
198
235
217
329
184
292
306
225
177
245
327
166
321
279
348
162
203
367
290
217
172
288
202
217
194
213
307
180
203
302
318
197
143
264
247
173
350
180
195
260
196
223
139
313
291
140
202
215
186
250
272
161
237
269
129
247
236
202
269
255
328
149
364
198
266
259
192
319
330
242
216
143
273
205
222
170
122
252
160
316
225
336
205
257
201
216
268
203
215
117
313
164
185
205
250
152
173
298
169
278
300
287
191
288
206
191
377
323
264
142
281
168
115
241
177
112
282
250
175
245
101
121
213
150
161
236
306
120
60
282
185
322
236
171
247
224
185
261
176
304
264
263
177
106
294
148
339
166
225
238
129
151
291
222
140
137
215
165
308
151
174
160
243
167
193
195
141
202
235
152
181
179
316
274
125
298
225
195
182
111
271
84
237
144
128
296
199
158
179
317
144
242
253
356
279
145
188
144
116
167
156
226
148
204
139
106
294
239
136
167
272
162
202
171
105
120
269
192
196
116
120
199
155
102
215
113
100
421
190
83
71
104
181
128
105
154
94
112
134
180
210
144
165
303
98
198
192
46
138
231
181
128
119
172
207
158
248
115
262
119
89
208
196
263
135
263
217
198
190
198
239
168
222
118
213
274
118
93
137
152
121
157
135
188
158
121
81
250
209
82
157
221
166
125
125
231
156
178
117
154
212
204
116
117
120
231
102
271
166
219
198
198
129
172
210
132
190
188
216
145
186
66
156
182
83
103
156
149
158
124
220
129
113
179
131
208
154
125
199
168
134
81
154
126
182
155
145
244
235
230
155
229
113
166
351
152
147
176
157
196
132
189
146
138
101
198
181
214
218
125
152
234
185
225
189
181
128
135
197
131
129
204
133
228
81
218
146
248
225
131
190
124
172
174
114
224
144
94
155
95
237
173
225
129
130
194
127
108
174
130
138
100
100
322
269
179
179
233
211
102
166
221
107
147
177
178
221
122
105
86
129
159
127
76
79
176
155
113
95
86
165
53
226
133
180
148
178
157
151
63
92
163
104
68
147
96
96
119
240
153
257
167
173
286
110
225
90
135
190
164
218
187
189
149
195
146
151
178
183
180
164
205
190
164
137
123
131
182
126
153
117
168
176
155
172
190
215
113
163
204
161
167
102
159
136
139
84
118
189
141
130
121
120
154
77
138
160
148
214
112
139
118
137
120
92
159
163
93
151
142
176
105
176
87
141
147
126
141
103
143
152
143
106
77
144
164
198
137
101
147
117
160
107
146
84
120
171
188
72
94
198
137
172
150
135
100
120
217
145
174
124
137
122
188
248
69
178
163
130
152
134
226
76
115
126
166
211
61
102
88
114
156
89
129
184
87
85
109
208
165
174
106
141
64
148
202
167
165
141
126
79
206
144
170
167
202
153
218
82
84
172
136
57
139
120
149
115
123
133
148
80
107
85
96
260
182
167
186
156
225
129
69
199
118
80
67
138
127
124
139
150
164
192
146
70
120
216
89
122
175
100
184
135
149
111
122
178
85
162
165
99
108
141
81
96
86
123
112
112
86
125
140
190
85
145
140
154
214
179
153
132
79
77
199
193
83
213
73
73
70
65
94
146
76
107
108
100
70
164
90
177
60
209
176
142
97
90
167
76
179
150
88
85
151
66
190
104
116
225
116
155
146
222
76
66
98
134
124
181
142
80
135
133
84
70
185
122
183
114
98
241
215
158
158
96
141
188
110
96
98
44
122
124
201
180
98
114
147
148
152
158
82
137
126
199
228
235
177
158
249
67
154
124
202
98
152
118
151
160
237
188
97
227
93
